# dati gnuplot prieks mans_sinuss funkcijas salidzinasanai ar standartfunkciju
0.1000    0.0000
0.2000    0.0500
0.3000    0.0998
0.4000    0.1494
0.5000    0.1987
0.6000    0.2474
0.7000    0.2955
0.8000    0.3429
0.9000    0.3894
1.0000    0.4350
1.1000    0.4794
1.2000    0.5227
1.3000    0.5646
1.4000    0.6052
1.5000    0.6442
1.6000    0.6816
1.7000    0.7174
1.8000    0.7513
1.9000    0.7833
2.0000    0.8134
2.1000    0.8415
2.2000    0.8674
2.3000    0.8912
2.4000    0.9128
2.5000    0.9320
2.6000    0.9490
2.7000    0.9636
2.8000    0.9757
2.9000    0.9854
3.0000    0.9927
3.1000    0.9975
3.2000    0.9998
